0	128	118	111
1	155	151	143
2	190	198	189
3	118	116	93
4	151	158	126
5	186	223	173
6	127	94	121
7	153	126	155
8	188	171	207
9	128	55	55
10	137	45	80
11	155	167	137
12	120	63	50
13	128	46	75
14	163	169	130
15	120	85	73
16	160	117	105
17	195	166	154
18	102	103	70
19	102	103	70
20	146	161	139
21	181	135	154
22	120	112	60
23	163	182	133
24	111	110	97
25	155	167	153
26	111	112	96
27	155	193	151
28	155	201	154
29	137	126	120
30	137	125	129
31	181	182	175
32	181	177	195
33	146	86	89
34	172	117	120
35	207	180	173
36	130	105	76
37	156	137	111
38	191	204	156
39	172	107	108
40	216	178	162
41	116	96	109
42	116	96	109
43	177	169	190
44	177	170	193
45	251	80	41
46	295	156	90
47	120	83	73
48	181	161	150
49	128	131	112
50	155	153	136
51	181	202	167
52	111	121	99
53	155	165	146
54	155	100	100
55	172	179	143
56	67	109	78
57	67	109	82
58	111	167	134
59	111	201	145
60	120	92	78
61	120	99	78
62	163	150	136
63	163	158	136
64	137	122	95
65	190	191	162
66	120	148	82
67	163	207	138
68	146	136	93
69	207	227	166
70	120	101	82
71	163	130	123
72	207	182	184
73	93	195	82
74	120	232	117
75	146	271	167
76	172	137	82
77	190	177	125
78	207	234	159
79	137	139	61
80	163	172	92
81	190	207	135
82	120	97	149
83	190	166	209
84	120	132	132
85	120	132	132
86	146	164	164
87	146	164	164
88	190	211	198
89	190	211	198
90	137	170	127
91	163	207	162
92	207	109	98
93	216	177	180
94	93	165	121
95	137	223	169
96	141	124	115
97	111	158	83
98	155	218	140
99	163	85	121
100	207	139	177
101	190	135	90
102	190	135	90
103	233	190	172
104	233	190	172
105	102	116	134
106	137	186	256
107	102	186	67
108	128	223	107
109	155	261	149
110	111	85	232
111	155	89	136
112	198	144	193
113	102	181	124
114	146	240	181
115	120	109	111
116	155	173	173
117	155	107	125
118	216	233	149
119	216	230	153
120	137	90	144
121	155	144	186
122	155	144	186
123	137	224	181
124	137	193	197
125	207	108	137
126	120	119	141
127	163	174	197
128	190	140	127
129	233	222	171
130	487	60	128
131	163	183	169
132	233	181	165
133	102	129	103
134	146	187	156
135	128	123	110
136	190	175	147
137	102	137	112
138	155	210	184
139	120	192	205
140	172	218	170
141	163	223	151
142	163	198	158
143	163	206	154
144	163	238	182
145	181	198	183
146	85	29	85
147	216	237	186
148	277	165	174
149	134	91	91
150	146	104	114
151	277	205	161
152	163	232	182
153	163	246	179
154	163	153	136
155	111	155	153
156	172	207	201
157	102	148	140
158	155	220	186
159	190	221	159
160	330	190	169
161	207	192	236
162	207	253	185
163	207	251	181
164	121	119	91
165	156	163	135
166	209	263	198
167	214	300	182
168	225	210	210
169	128	92	122
170	155	122	155
171	190	168	202
172	118	116	93
173	151	158	126
174	186	223	173
175	137	117	109
176	163	150	142
177	198	205	188
178	111	79	73
179	198	148	125
180	155	67	88
181	225	145	156
182	120	72	118
183	146	107	179
184	120	105	73
185	172	161	124
186	198	194	178
187	181	106	97
188	268	146	137
189	85	77	53
190	137	75	79
191	207	69	32
192	111	67	116
193	146	139	181
194	120	134	89
195	163	192	146
196	146	114	79
197	172	145	109
198	207	211	169
199	181	169	186
200	172	37	93
201	225	112	152
202	172	167	176
203	207	174	179
204	111	67	94
205	146	91	120
206	181	118	183
207	146	136	112
208	102	55	55
209	181	185	135
210	163	154	94
211	146	75	66
212	216	152	143
213	163	261	175
214	216	126	240
215	155	175	87
216	216	177	180
217	155	167	154
218	134	136	91
219	382	60	106
220	172	182	133
221	137	108	122
222	181	161	205
223	225	131	128
224	163	143	184
225	181	148	272
226	155	137	85
227	207	212	131
228	163	184	138
229	172	236	181
230	85	17	396
231	190	234	179
232	146	189	146
233	155	142	93
234	207	236	144
235	120	118	71
236	137	139	191
237	137	90	69
238	225	181	138
239	146	118	156
240	111	127	69
241	181	197	141
242	128	128	90
243	163	148	226
244	163	148	226
245	128	152	83
246	181	224	144
247	181	194	194
248	207	107	98
249	207	214	185
250	198	198	180
251	177	192	131
252	146	40	83
253	111	64	64
254	137	173	207
255	128	153	91
256	128	135	101
257	128	151	99
258	216	157	193
259	496	129	169
260	207	241	195
261	251	235	171
262	225	180	235
263	137	115	93
264	172	155	133
265	225	251	207
266	235	193	310
267	214	239	244
268	225	210	210
269	120	124	94
270	137	172	120
271	172	223	169
272	128	130	87
273	155	163	115
274	190	240	141
275	137	126	93
276	172	156	133
277	225	208	175
278	111	96	61
279	172	171	132
280	116	58	80
281	186	142	128
282	128	75	59
283	137	60	77
284	155	189	98
285	137	60	77
286	155	98	162
287	120	71	77
288	155	112	119
289	190	173	176
290	120	71	77
291	172	134	78
292	207	200	121
293	120	106	61
294	155	185	124
295	120	106	61
296	155	175	174
297	99	79	59
298	116	117	90
299	169	237	195
300	120	93	87
301	172	192	150
302	155	74	110
303	155	241	144
304	155	104	92
305	190	159	145
306	284	290	166
307	104	80	126
308	156	196	112
309	51	153	73
310	162	92	42
311	197	134	81
312	232	179	137
313	176	99	54
314	302	209	114
315	137	36	71
316	102	82	215
317	137	84	79
318	172	132	127
319	137	141	136
320	137	155	141
321	137	121	141
322	155	158	198
323	172	198	257
324	102	78	107
325	155	121	152
326	120	123	78
327	172	215	127
328	155	167	129
329	155	147	150
330	163	143	166
331	163	143	166
332	137	186	131
333	172	80	99
334	225	140	159
335	128	171	39
336	172	243	83
337	260	136	68
338	347	175	87
339	155	119	79
340	172	194	136
341	172	151	203
342	155	125	122
343	190	171	188
344	155	116	116
345	128	162	78
346	137	134	99
347	190	205	168
348	137	156	74
349	172	221	115
350	128	76	132
351	181	141	201
352	177	222	124
353	177	196	118
354	207	178	153
355	207	178	153
356	137	93	82
357	242	151	141
358	125	141	99
359	160	224	142
360	120	77	124
361	155	140	229
362	165	105	150
363	200	152	194
364	128	176	100
365	181	222	174
366	85	29	85
367	216	192	219
368	172	139	139
369	155	161	189
370	127	138	65
371	162	218	126
372	85	70	162
373	120	124	234
374	223	136	163
375	181	175	170
376	163	246	120
377	216	41	86
378	137	95	95
379	190	162	162
380	172	95	90
381	207	137	132
382	242	182	176
383	111	133	135
384	146	197	179
385	146	211	179
386	225	162	203
387	125	81	128
388	128	134	93
389	163	172	155
390	216	277	168
391	120	96	132
392	155	138	176
393	190	257	228
394	190	179	309
395	190	179	309
396	190	143	285
397	190	228	246
398	190	268	212
399	205	270	228
400	205	270	228
401	213	284	170
402	225	210	210
403	137	345	115
404	137	414	46
405	137	144	330
406	137	230	218
407	146	119	110
408	181	157	143
409	216	202	188
410	127	113	86
411	162	158	105
412	183	222	151
413	142	112	102
414	162	150	139
415	197	210	186
416	120	101	58
417	146	142	94
418	198	234	140
419	153	80	73
420	188	162	119
421	114	45	74
422	184	160	100
423	128	117	64
424	155	159	95
425	190	232	156
426	120	91	109
427	155	243	185
428	167	218	71
429	219	295	109
430	102	76	195
431	155	94	286
432	120	53	83
433	155	141	180
434	155	141	180
435	155	127	175
436	172	185	98
437	102	59	83
438	172	149	190
439	155	94	172
440	146	132	67
441	198	221	114
442	128	108	92
443	172	170	153
444	183	103	105
445	244	169	143
446	181	205	143
447	207	117	80
448	312	180	102
449	146	130	105
450	163	156	194
451	155	211	187
452	225	243	103
453	135	109	82
454	174	172	133
455	128	114	94
456	160	121	90
457	230	184	132
458	149	43	154
459	167	161	213
460	137	124	133
461	85	125	142
462	225	25	77
463	183	183	91
464	137	169	199
465	151	124	84
466	169	172	125
467	239	261	193
468	286	137	117
469	120	127	78
470	172	235	144
471	169	124	118
472	239	201	191
473	120	93	151
474	172	180	202
475	134	116	76
476	195	211	133
477	179	187	136
478	135	96	116
479	170	142	170
480	128	105	179
481	155	115	105
482	207	178	158
483	172	243	171
484	172	238	205
485	242	161	181
486	251	241	190
487	225	207	184
488	181	249	163
489	181	247	172
490	198	225	217
491	200	231	156
492	163	216	219
493	163	238	205
494	181	185	222
495	242	247	146
496	198	264	150
497	169	237	195
498	155	135	275
499	128	180	254
500	172	171	150
501	137	185	159
502	137	204	219
503	137	204	219
504	137	204	219
505	137	204	219
506	137	204	219
507	181	156	270
508	190	212	212
509	181	270	151
510	205	275	211
511	189	280	215
512	209	251	213
513	221	287	210
514	284	225	187
515	284	187	225
516	260	152	258
517	190	162	162
518	225	210	210
519	172	285	198
520	225	210	210
521	225	261	166
522	237	238	238