0	1
1	2
2	3
3	4
4	5
5	6
6	7
7	8
8	9
9	10
10	11
11	12
12	13
13	14
14	15
15	16
16	17
17	18
18	19
19	19
20	20
21	20
22	21
23	22
24	23
25	24
26	25
27	26
28	26
29	27
30	27
31	28
32	28
33	29
34	30
35	31
36	32
37	33
38	34
39	35
40	36
41	37
42	37
43	38
44	38
45	39
46	40
47	41
48	42
49	43
50	44
51	45
52	46
53	47
54	48
55	49
56	50
57	50
58	51
59	51
60	52
61	52
62	53
63	53
64	54
65	55
66	56
67	57
68	58
69	59
70	60
71	61
72	62
73	63
74	64
75	65
76	66
77	67
78	68
79	69
80	70
81	71
82	72
83	73
84	74
85	74
86	75
87	75
88	76
89	76
90	77
91	78
92	79
93	80
94	81
95	82
96	83
97	84
98	85
99	86
100	87
101	88
102	88
103	89
104	89
105	90
106	91
107	92
108	93
109	94
110	95
111	96
112	97
113	98
114	99
115	100
116	101
117	102
118	103
119	103
120	104
121	105
122	105
123	106
124	107
125	108
126	109
127	110
128	111
129	112
130	113
131	114
132	115
133	116
134	117
135	118
136	119
137	120
138	121
139	122
140	123
141	124
142	125
143	126
144	127
145	128
146	129
147	130
148	131
149	132
150	133
151	134
152	135
153	136
154	137
155	138
156	139
157	140
158	141
159	142
160	143
161	144
162	145
163	146
164	147
165	148
166	149
167	150
168	151
169	152
170	153
171	154
172	155
173	156
174	157
175	158
176	159
177	160
178	161
179	162
180	163
181	164
182	165
183	166
184	167
185	168
186	169
187	170
188	171
189	172
190	173
191	174
192	175
193	176
194	177
195	178
196	179
197	180
198	181
199	182
200	183
201	184
202	185
203	186
204	187
205	188
206	189
207	190
208	191
209	192
210	193
211	194
212	195
213	196
214	197
215	198
216	199
217	200
218	201
219	202
220	203
221	204
222	205
223	206
224	207
225	208
226	209
227	210
228	211
229	212
230	213
231	214
232	215
233	216
234	217
235	218
236	219
237	220
238	221
239	222
240	223
241	224
242	225
243	226
244	227
245	228
246	229
247	230
248	231
249	232
250	233
251	234
252	235
253	236
254	237
255	238
256	239
257	240
258	241
259	242
260	243
261	244
262	245
263	246
264	247
265	248
266	249
267	250
268	251
269	252
270	253
271	254
272	255
273	256
274	257
275	258
276	259
277	260
278	261
279	262
280	263
281	264
282	265
283	266
284	267
285	268
286	269
287	270
288	271
289	272
290	273
291	274
292	275
293	276
294	277
295	278
296	279
297	280
298	281
299	282
300	283
301	284
302	285
303	286
304	287
305	288
306	289
307	290
308	291
309	292
310	293
311	294
312	295
313	296
314	297
315	298
316	299
317	300
318	301
319	302
320	303
321	304
322	305
323	306
324	307
325	308
326	309
327	310
328	311
329	312
330	313
331	314
332	315
333	316
334	317
335	318
336	319
337	320
338	321
339	322
340	323
341	324
342	325
343	326
344	327
345	328
346	329
347	330
348	331
349	332
350	333
351	334
352	335
353	336
354	337
355	338
356	339
357	340
358	341
359	342
360	343
361	344
362	345
363	346
364	347
365	348
366	349
367	350
368	351
369	352
370	353
371	354
372	355
373	356
374	357
375	358
376	359
377	360
378	361
379	362
380	363
381	364
382	365
383	366
384	367
385	368
386	369
387	370
388	371
389	372
390	373
391	374
392	375
393	376
394	377
395	378
396	379
397	380
398	381
399	382
400	383
401	384
402	385
403	386
404	386
405	386
406	386
407	387
408	388
409	389
410	390
411	391
412	392
413	393
414	394
415	395
416	396
417	397
418	398
419	399
420	400
421	401
422	402
423	403
424	404
425	405
426	406
427	407
428	408
429	409
430	410
431	411
432	412
433	413
434	413
435	413
436	414
437	415
438	416
439	417
440	418
441	419
442	420
443	421
444	422
445	423
446	424
447	425
448	426
449	427
450	428
451	429
452	430
453	431
454	432
455	433
456	434
457	435
458	436
459	437
460	438
461	439
462	440
463	441
464	442
465	443
466	444
467	445
468	446
469	447
470	448
471	449
472	450
473	451
474	452
475	453
476	454
477	455
478	456
479	457
480	458
481	459
482	460
483	461
484	462
485	463
486	464
487	465
488	466
489	467
490	468
491	469
492	470
493	471
494	472
495	473
496	474
497	475
498	476
499	477
500	478
501	479
502	479
503	479
504	479
505	479
506	479
507	480
508	481
509	482
510	483
511	484
512	485
513	486
514	487
515	487
516	488
517	489
518	490
519	491
520	492
521	492
522	493