1	90	118	118
2	120	151	151
3	160	198	198
4	78	116	96
5	116	158	129
6	156	223	176
7	88	94	122
8	118	126	155
9	158	171	210
10	90	55	62
11	100	45	94
12	120	167	151
13	80	63	55
14	90	46	86
15	130	169	150
16	80	85	76
17	126	117	108
18	166	166	157
19	60	103	70
19	60	103	70
20	110	161	144
20	150	135	159
21	80	112	61
22	130	182	135
23	70	110	102
24	120	167	158
25	70	112	101
26	120	193	165
26	120	201	175
27	100	126	145
27	100	125	154
28	150	182	202
28	150	177	221
29	110	86	94
30	140	117	126
31	180	180	174
32	92	105	76
33	122	137	112
34	162	204	157
35	140	107	116
36	190	178	171
37	76	96	122
37	76	96	122
38	146	169	204
38	146	170	207
39	230	80	44
40	280	156	93
41	80	86	76
42	150	161	153
43	90	131	116
44	120	153	139
45	150	202	170
46	70	121	99
47	120	165	146
48	120	100	102
49	140	179	150
50	20	109	88
50	20	109	89
51	70	167	147
51	70	201	148
52	80	92	81
52	80	99	81
53	130	150	139
53	130	158	139
54	100	122	96
55	160	191	163
56	80	148	87
57	130	207	144
58	110	136	96
59	180	227	166
60	80	101	82
61	130	130	130
62	180	182	187
63	50	195	103
64	80	232	138
65	110	271	194
66	140	137	88
67	160	177	130
68	180	234	162
69	110	139	64
70	130	172	95
71	160	207	138
72	80	97	182
73	160	166	237
74	80	132	163
74	80	132	163
75	110	164	196
75	110	164	196
76	160	211	229
76	160	211	229
77	110	170	132
78	130	207	167
79	180	109	109
80	190	177	194
81	50	165	128
82	100	223	182
83	104	124	118
84	70	158	88
85	120	218	145
86	130	85	128
87	180	139	184
88	160	135	90
88	160	135	90
89	210	190	184
89	210	190	184
90	60	116	168
91	100	186	323
92	60	186	70
93	90	223	112
94	120	261	156
95	70	85	288
96	120	89	158
97	170	144	215
98	60	181	156
99	110	240	214
100	80	109	114
101	120	173	179
102	120	107	140
103	190	233	158
103	190	230	158
104	100	90	165
105	120	144	200
105	120	144	200
106	100	224	211
107	100	193	212
108	189	198	137
109	80	119	164
110	130	174	221
111	160	140	157
112	210	222	206
113	500	60	176
114	130	183	205
115	210	181	165
116	60	129	125
117	110	187	182
118	90	123	115
119	160	175	154
120	60	137	112
121	120	210	184
122	80	192	233
123	140	218	170
124	130	223	182
125	130	198	173
126	130	206	169
127	130	238	197
128	150	198	197
129	40	29	102
130	190	237	197
131	260	165	180
132	96	91	91
133	110	104	121
134	260	205	177
135	130	232	201
136	130	246	204
137	130	153	139
138	70	155	174
139	140	207	227
140	60	148	162
141	120	220	203
142	160	221	164
143	320	190	190
144	180	192	249
145	180	253	188
146	180	251	184
147	82	119	94
148	122	163	138
149	182	263	201
150	193	300	182
151	200	210	210
152	90	92	122
153	120	122	155
154	160	168	202
155	78	116	96
156	116	158	129
157	156	223	176
158	100	117	116
159	130	150	151
160	170	205	197
161	70	79	77
162	170	148	130
163	120	67	101
164	200	145	179
165	80	72	142
166	110	107	209
167	80	105	73
168	140	161	128
169	170	194	178
170	150	106	106
171	250	146	146
172	40	77	63
173	100	75	91
174	180	69	34
175	70	67	116
176	110	139	191
177	80	134	89
178	130	192	146
179	110	114	82
180	140	145	112
181	180	211	172
182	150	169	189
183	140	37	93
184	200	112	152
185	140	167	198
186	180	174	192
187	70	67	101
188	110	91	127
189	150	118	197
190	110	136	112
191	60	55	55
192	150	185	148
193	130	154	94
194	110	75	75
195	190	152	152
196	130	261	194
197	190	126	250
198	120	175	87
199	190	177	194
200	120	167	167
201	96	136	91
202	380	60	106
203	140	182	133
204	100	108	146
205	150	161	242
206	200	131	131
207	130	143	204
208	150	148	333
209	120	137	89
210	180	212	137
211	130	184	148
212	140	236	191
213	40	17	396
214	160	234	189
215	110	189	157
216	120	142	93
217	180	236	144
218	80	118	71
219	100	139	209
220	100	90	74
221	200	181	147
222	110	118	156
223	70	127	69
224	150	197	141
225	90	128	90
226	130	148	260
227	130	148	260
228	90	152	93
229	150	224	159
230	150	194	194
231	180	107	107
232	180	214	214
233	170	198	183
234	146	192	132
235	110	40	88
236	70	64	64
237	100	173	214
238	90	153	116
239	90	135	110
240	90	151	108
241	190	157	211
242	510	129	229
243	180	241	210
244	230	235	176
245	200	180	235
246	100	115	93
247	140	155	133
248	200	251	212
249	212	193	323
250	193	239	274
251	200	210	210
287	120	104	104
288	160	159	159
289	273	290	183
320	260	136	68
377	160	179	356
378	160	179	356
379	160	143	285
382	182	270	251
383	205	270	251
384	213	284	170
1001	510	510	510
1002	510	694	694
1003	212	330	200